63,52
63,51
63,50
63,49
63,48
63,47
63,46
63,45
63,44
63,43
63,42
63,41
63,40
63,39
63,38
63,37
63,36
63,35
0,273
0,270
3,2
3,1
3,3
10,138
10,188
10,190
10,274
10,260
10,246
10,12
10,2
10,3
11,15
11,8
11,14
11,25
9,7
9,2
9,3
8,4
8,2
8,3
60,4
60,3
60,2
60,1
60,0
58,5
58,4
58,3
58,2
58,1
58,0
56,4
56,3
56,2
56,1
56,0
54,5
54,4
54,3
54,2
54,1
54,0
51,4
51,3
51,2
51,1
51,0
49,4
49,3
49,2
49,1
49,0
47,5
47,4
47,3
47,2
47,1
45,4
45,1
43,4
43,3
43,1
41,5
41,3
41,1
39,4
39,3
39,1
26,3
26,1
24,4
24,3
24,1
20,3
20,2
20,1
19,3
19,2
19,1
12,3
12,2
12,1
11,23
11,22
11,21
11,20
11,17
11,16
11,13
11,12
11,11
11,9
11,7
11,6
